                             OrderedModel Results                             
==============================================================================
Dep. Variable:                      y   Log-Likelihood:            -2.7953e+05
Model:                   OrderedModel   AIC:                         5.591e+05
Method:            Maximum Likelihood   BIC:                         5.594e+05
Date:                Tue, 05 May 2026                                         
Time:                        05:01:32                                         
No. Observations:              261544                                         
Df Residuals:                  261519                                         
Df Model:                          17                                         
==================================================================================================
                                     coef    std err          z      P>|z|      [0.025      0.975]
--------------------------------------------------------------------------------------------------
age_group_20-24                    1.9248      0.046     42.093      0.000       1.835       2.014
age_group_25-29                    3.0151      0.045     66.816      0.000       2.927       3.104
age_group_30-34                    3.9999      0.045     88.318      0.000       3.911       4.089
age_group_35+                      4.7779      0.046    104.412      0.000       4.688       4.868
marital_status_Unmarried           0.0042      0.041      0.102      0.919      -0.076       0.085
race_mother_Indian Tamil           0.2556      0.116      2.197      0.028       0.028       0.484
race_mother_Malay                  0.4264      0.153      2.794      0.005       0.127       0.726
race_mother_Sinhalese              0.0452      0.115      0.393      0.694      -0.180       0.271
race_mother_Srilankan Moor         0.9014      0.115      7.805      0.000       0.675       1.128
race_mother_Srilankan Tamil        0.1071      0.116      0.927      0.354      -0.119       0.334
Gender _Male                      -0.0376      0.008     -4.920      0.000      -0.053      -0.023
Hospital or Not_Not In Hospial     0.2258      0.115      1.971      0.049       0.001       0.450
multiple_birth_Quintuplets         0.2698      1.189      0.227      0.820      -2.060       2.600
multiple_birth_Singleton          -1.6603      0.577     -2.878      0.004      -2.791      -0.530
multiple_birth_Triplets           -0.3903      0.606     -0.644      0.519      -1.577       0.797
multiple_birth_Twin               -0.9922      0.578     -1.717      0.086      -2.125       0.140
Birth_Weight(grams)                0.0003    8.2e-06     34.990      0.000       0.000       0.000
1/2                                2.2029      0.590      3.733      0.000       1.046       3.359
2/3                                0.6736      0.003    231.380      0.000       0.668       0.679
3/4                                0.7259      0.005    157.924      0.000       0.717       0.735
4/5                                0.5613      0.012     48.742      0.000       0.539       0.584
5/6                                0.5209      0.027     19.200      0.000       0.468       0.574
6/7                                0.3548      0.063      5.645      0.000       0.232       0.478
7/8                                0.3197      0.128      2.493      0.013       0.068       0.571
8/9                                0.4504      0.254      1.775      0.076      -0.047       0.948
==================================================================================================