                             OrderedModel Results                             
==============================================================================
Dep. Variable:                      y   Log-Likelihood:            -3.4671e+05
Model:                   OrderedModel   AIC:                         6.935e+05
Method:            Maximum Likelihood   BIC:                         6.938e+05
Date:                Wed, 06 May 2026                                         
Time:                        04:22:07                                         
No. Observations:              318288                                         
Df Residuals:                  318260                                         
Df Model:                          20                                         
===================================================================================================
                                      coef    std err          z      P>|z|      [0.025      0.975]
---------------------------------------------------------------------------------------------------
age_group_20-24                     1.7229      0.032     54.530      0.000       1.661       1.785
age_group_25-29                     2.8380      0.031     91.458      0.000       2.777       2.899
age_group_30-34                     3.7843      0.031    121.105      0.000       3.723       3.846
age_group_35+                       4.5274      0.032    141.945      0.000       4.465       4.590
marital_status_Unmarried           -0.0758      0.034     -2.227      0.026      -0.143      -0.009
race_mother_Burgher                -0.5396      0.484     -1.114      0.265      -1.489       0.409
race_mother_Indian Moor            -0.0743      0.562     -0.132      0.895      -1.175       1.027
race_mother_Indian Tamil           -0.0121      0.474     -0.025      0.980      -0.941       0.917
race_mother_Malay                  -0.0667      0.481     -0.139      0.890      -1.009       0.875
race_mother_Other Foreigners       -1.0484      0.508     -2.066      0.039      -2.043      -0.054
race_mother_Other Srilankans       -0.1116      0.557     -0.200      0.841      -1.204       0.981
race_mother_Pakistan Moor          -0.6116      0.513     -1.191      0.234      -1.618       0.395
race_mother_Sinhalese              -0.6388      0.474     -1.349      0.177      -1.567       0.289
race_mother_Srilankan Chetty       -0.0602      0.865     -0.070      0.945      -1.756       1.636
race_mother_Srilankan Moor          0.2495      0.474      0.527      0.598      -0.679       1.178
race_mother_Srilankan Tamil        -0.1112      0.474     -0.235      0.814      -1.040       0.817
Gender _Male                       -0.0189      0.007     -2.696      0.007      -0.033      -0.005
Hospital or Not_Not In Hospital     0.1908      0.030      6.298      0.000       0.131       0.250
multiple_birth_Triplets             0.0312      0.292      0.107      0.915      -0.542       0.604
Birth_Weight(grams)                 0.0002   7.33e-06     25.214      0.000       0.000       0.000
1/2                                 2.7895      0.475      5.873      0.000       1.858       3.720
2/3                                 0.6281      0.003    228.518      0.000       0.623       0.634
3/4                                 0.5082      0.004    116.897      0.000       0.500       0.517
4/5                                 0.2636      0.009     29.335      0.000       0.246       0.281
5/6                                 0.2635      0.017     15.849      0.000       0.231       0.296
6/7                                 0.0853      0.032      2.637      0.008       0.022       0.149
7/8                                 0.2163      0.054      3.980      0.000       0.110       0.323
8/9                                 0.4456      0.099      4.495      0.000       0.251       0.640
===================================================================================================