                             OrderedModel Results                             
==============================================================================
Dep. Variable:                      y   Log-Likelihood:            -3.4463e+05
Model:                   OrderedModel   AIC:                         6.893e+05
Method:            Maximum Likelihood   BIC:                         6.897e+05
Date:                Thu, 21 May 2026                                         
Time:                        12:33:09                                         
No. Observations:              318288                                         
Df Residuals:                  318256                                         
Df Model:                          27                                         
===================================================================================================
                                      coef    std err          z      P>|z|      [0.025      0.975]
---------------------------------------------------------------------------------------------------
age_group_20-24                     1.7398      0.032     55.017      0.000       1.678       1.802
age_group_25-29                     2.8692      0.031     92.343      0.000       2.808       2.930
age_group_30-34                     3.8261      0.031    122.230      0.000       3.765       3.887
age_group_35+                       4.5714      0.032    143.045      0.000       4.509       4.634
marital_status_Unmarried           -0.0672      0.034     -1.967      0.049      -0.134      -0.000
race_mother_Burgher                -0.4715      0.587     -0.803      0.422      -1.622       0.679
race_mother_Indian Moor            -0.0860      0.654     -0.132      0.895      -1.368       1.196
race_mother_Indian Tamil           -0.0574      0.578     -0.099      0.921      -1.191       1.076
race_mother_Malay                  -0.0240      0.586     -0.041      0.967      -1.172       1.124
race_mother_Other Foreigners       -0.9531      0.607     -1.570      0.116      -2.143       0.236
race_mother_Other Srilankans       -0.0983      0.663     -0.148      0.882      -1.398       1.202
race_mother_Pakistan Moor          -0.5359      0.611     -0.878      0.380      -1.732       0.661
race_mother_Sinhalese              -0.6624      0.578     -1.146      0.252      -1.796       0.471
race_mother_Srilankan Chetty       -0.0540      0.931     -0.058      0.954      -1.878       1.770
race_mother_Srilankan Moor          0.1618      0.578      0.280      0.780      -0.971       1.295
race_mother_Srilankan Tamil        -0.2631      0.578     -0.455      0.649      -1.397       0.870
Gender _Male                       -0.0192      0.007     -2.743      0.006      -0.033      -0.005
Hospital or Not_Not In Hospital     0.0982      0.031      3.204      0.001       0.038       0.158
province_mother_Eastern             0.2459      0.016     15.730      0.000       0.215       0.277
province_mother_North Central       0.0182      0.015      1.208      0.227      -0.011       0.048
province_mother_North Western       0.2109      0.019     11.110      0.000       0.174       0.248
province_mother_Northern            0.1826      0.022      8.462      0.000       0.140       0.225
province_mother_Sabaragamuwa        0.0632      0.015      4.232      0.000       0.034       0.092
province_mother_Southern            0.0704      0.013      5.483      0.000       0.045       0.096
province_mother_Uva                 0.2356      0.015     15.371      0.000       0.206       0.266
province_mother_Western            -0.1496      0.011    -13.941      0.000      -0.171      -0.129
Birth_Weight(grams)                 0.0002   7.35e-06     26.062      0.000       0.000       0.000
1/2                                 2.8278      0.579      4.881      0.000       1.692       3.963
2/3                                 0.6314      0.003    229.619      0.000       0.626       0.637
3/4                                 0.5114      0.004    117.706      0.000       0.503       0.520
4/5                                 0.2658      0.009     29.606      0.000       0.248       0.283
5/6                                 0.2650      0.017     15.950      0.000       0.232       0.298
===================================================================================================