                             OrderedModel Results                             
==============================================================================
Dep. Variable:                      y   Log-Likelihood:            -3.4672e+05
Model:                   OrderedModel   AIC:                         6.935e+05
Method:            Maximum Likelihood   BIC:                         6.938e+05
Date:                Sun, 05 Apr 2026                                         
Time:                        20:15:23                                         
No. Observations:              318290                                         
Df Residuals:                  318262                                         
Df Model:                          20                                         
===================================================================================================
                                      coef    std err          z      P>|z|      [0.025      0.975]
---------------------------------------------------------------------------------------------------
age_group_20-24                     1.7228      0.032     54.529      0.000       1.661       1.785
age_group_25-29                     2.8380      0.031     91.458      0.000       2.777       2.899
age_group_30-34                     3.7843      0.031    121.105      0.000       3.723       3.846
age_group_35+                       4.5273      0.032    141.944      0.000       4.465       4.590
marital_status_Unmarried           -0.0758      0.034     -2.227      0.026      -0.143      -0.009
race_mother_Burgher                -0.5396      0.500     -1.079      0.281      -1.520       0.441
race_mother_Indian Moor            -0.0743      0.565     -0.132      0.895      -1.181       1.032
race_mother_Indian Tamil           -0.0121      0.490     -0.025      0.980      -0.972       0.948
race_mother_Malay                  -0.0667      0.497     -0.134      0.893      -1.040       0.907
race_mother_Other Foreigners       -1.0484      0.523     -2.004      0.045      -2.074      -0.023
race_mother_Other Srilankans       -0.1116      0.570     -0.196      0.845      -1.229       1.005
race_mother_Pakistan Moor          -0.6116      0.527     -1.159      0.246      -1.645       0.422
race_mother_Sinhalese              -0.6388      0.490     -1.305      0.192      -1.598       0.321
race_mother_Srilankan Chetty       -0.0602      0.894     -0.067      0.946      -1.812       1.692
race_mother_Srilankan Moor          0.2495      0.490      0.509      0.610      -0.710       1.209
race_mother_Srilankan Tamil        -0.1112      0.490     -0.227      0.820      -1.071       0.849
child_sex_Male                     -0.0189      0.007     -2.698      0.007      -0.033      -0.005
Hospital or Not_Not In Hospital     0.1908      0.030      6.298      0.000       0.131       0.250
multiple_birth_Triplets             0.0312      0.292      0.107      0.915      -0.542       0.604
Birth_Weight(grams)                 0.0002   7.33e-06     25.211      0.000       0.000       0.000
1/2                                 2.7894      0.491      5.681      0.000       1.827       3.752
2/3                                 0.6281      0.003    228.515      0.000       0.623       0.634
3/4                                 0.5082      0.004    116.896      0.000       0.500       0.517
4/5                                 0.2636      0.009     29.335      0.000       0.246       0.281
5/6                                 0.2635      0.017     15.849      0.000       0.231       0.296
6/7                                 0.0853      0.032      2.637      0.008       0.022       0.149
7/8                                 0.2163      0.054      3.980      0.000       0.110       0.323
8/9                                 0.4456      0.099      4.495      0.000       0.251       0.640
===================================================================================================