                             OrderedModel Results                             
==============================================================================
Dep. Variable:                      y   Log-Likelihood:            -3.2121e+05
Model:                   OrderedModel   AIC:                         6.425e+05
Method:            Maximum Likelihood   BIC:                         6.428e+05
Date:                Thu, 21 May 2026                                         
Time:                        06:13:47                                         
No. Observations:              302278                                         
Df Residuals:                  302246                                         
Df Model:                          27                                         
===================================================================================================
                                      coef    std err          z      P>|z|      [0.025      0.975]
---------------------------------------------------------------------------------------------------
age_group_20-24                     1.8086      0.039     46.084      0.000       1.732       1.886
age_group_25-29                     2.9044      0.039     74.930      0.000       2.828       2.980
age_group_30-34                     3.8689      0.039     99.520      0.000       3.793       3.945
age_group_35+                       4.6644      0.039    118.446      0.000       4.587       4.742
marital_status_Unmarried           -0.0202      0.034     -0.600      0.548      -0.086       0.046
race_mother_Burgher                -0.5187      0.767     -0.676      0.499      -2.021       0.984
race_mother_Indian Moor             0.5476      0.824      0.664      0.507      -1.068       2.163
race_mother_Indian Tamil           -0.1808      0.757     -0.239      0.811      -1.665       1.303
race_mother_Malay                   0.2834      0.762      0.372      0.710      -1.211       1.778
race_mother_Other Foreigners       -1.0337      0.769     -1.344      0.179      -2.541       0.474
race_mother_Other Srilankans       -0.3402      0.776     -0.438      0.661      -1.861       1.181
race_mother_Pakistan Moor          -0.9088      0.843     -1.079      0.281      -2.560       0.743
race_mother_Sinhalese              -0.5535      0.757     -0.731      0.465      -2.037       0.930
race_mother_Srilankan Chetty       -0.2545      0.985     -0.258      0.796      -2.184       1.675
race_mother_Srilankan Moor          0.2923      0.757      0.386      0.699      -1.191       1.776
race_mother_Srilankan Tamil        -0.3759      0.757     -0.496      0.620      -1.860       1.108
Gender _Male                       -0.0224      0.007     -3.129      0.002      -0.036      -0.008
Hospital or Not_Not In Hospital    -0.2923      0.049     -5.935      0.000      -0.389      -0.196
province_mother_Eastern             0.0108      0.016      0.667      0.505      -0.021       0.042
province_mother_North Central       0.2278      0.015     15.179      0.000       0.198       0.257
province_mother_North Western       0.2138      0.019     11.234      0.000       0.176       0.251
province_mother_Northern            0.0383      0.023      1.672      0.095      -0.007       0.083
province_mother_Sabaragamuwa       -0.0538      0.014     -3.950      0.000      -0.081      -0.027
province_mother_Southern            0.0283      0.013      2.250      0.024       0.004       0.053
province_mother_Uva                 0.0566      0.015      3.834      0.000       0.028       0.085
province_mother_Western            -0.1643      0.011    -14.969      0.000      -0.186      -0.143
Birth_Weight(grams)                 0.0002   7.46e-06     24.047      0.000       0.000       0.000
1/2                                 2.8947      0.758      3.818      0.000       1.409       4.381
2/3                                 0.6891      0.003    253.319      0.000       0.684       0.694
3/4                                 0.6249      0.004    140.004      0.000       0.616       0.634
4/5                                 0.4520      0.010     44.462      0.000       0.432       0.472
5/6                                 0.4415      0.022     20.274      0.000       0.399       0.484
===================================================================================================