                             OrderedModel Results                             
==============================================================================
Dep. Variable:                      y   Log-Likelihood:            -2.7839e+05
Model:                   OrderedModel   AIC:                         5.568e+05
Method:            Maximum Likelihood   BIC:                         5.571e+05
Date:                Tue, 19 May 2026                                         
Time:                        05:17:30                                         
No. Observations:              261544                                         
Df Residuals:                  261518                                         
Df Model:                          21                                         
==================================================================================================
                                     coef    std err          z      P>|z|      [0.025      0.975]
--------------------------------------------------------------------------------------------------
age_group_20-24                    1.9589      0.046     42.783      0.000       1.869       2.049
age_group_25-29                    3.0700      0.045     67.923      0.000       2.981       3.159
age_group_30-34                    4.0705      0.045     89.704      0.000       3.982       4.159
age_group_35+                      4.8560      0.046    105.895      0.000       4.766       4.946
marital_status_Unmarried          -0.0049      0.041     -0.119      0.905      -0.086       0.076
race_mother_Indian Tamil           0.0865      0.117      0.742      0.458      -0.142       0.315
race_mother_Malay                  0.4503      0.153      2.948      0.003       0.151       0.750
race_mother_Sinhalese             -0.1024      0.115     -0.889      0.374      -0.328       0.123
race_mother_Srilankan Moor         0.7217      0.116      6.240      0.000       0.495       0.948
race_mother_Srilankan Tamil       -0.1438      0.116     -1.236      0.217      -0.372       0.084
Gender _Male                      -0.0373      0.008     -4.873      0.000      -0.052      -0.022
Hospital or Not_Not In Hospial     0.1452      0.115      1.265      0.206      -0.080       0.370
province_mother_Eastern            0.2245      0.018     12.203      0.000       0.188       0.261
province_mother_North Central      0.2902      0.019     15.444      0.000       0.253       0.327
province_mother_North Western      0.1157      0.020      5.699      0.000       0.076       0.155
province_mother_Northern           0.0932      0.023      4.048      0.000       0.048       0.138
province_mother_Sabaragamuwa      -0.0937      0.014     -6.503      0.000      -0.122      -0.065
province_mother_Southern           0.0225      0.013      1.732      0.083      -0.003       0.048
province_mother_Uva                0.0824      0.015      5.331      0.000       0.052       0.113
province_mother_Western           -0.3196      0.011    -28.386      0.000      -0.342      -0.297
Birth_Weight(grams)                0.0003   8.11e-06     32.909      0.000       0.000       0.000
1/2                                3.6581      0.126     29.091      0.000       3.412       3.905
2/3                                0.6790      0.003    233.102      0.000       0.673       0.685
3/4                                0.7300      0.005    159.020      0.000       0.721       0.739
4/5                                0.5626      0.012     48.892      0.000       0.540       0.585
5/6                                0.5213      0.027     19.219      0.000       0.468       0.574
==================================================================================================