                             OrderedModel Results                             
==============================================================================
Dep. Variable:                      y   Log-Likelihood:            -3.2177e+05
Model:                   OrderedModel   AIC:                         6.436e+05
Method:            Maximum Likelihood   BIC:                         6.439e+05
Date:                Mon, 04 May 2026                                         
Time:                        19:24:10                                         
No. Observations:              302278                                         
Df Residuals:                  302248                                         
Df Model:                          22                                         
===================================================================================================
                                      coef    std err          z      P>|z|      [0.025      0.975]
---------------------------------------------------------------------------------------------------
age_group_20-24                     1.8043      0.039     45.936      0.000       1.727       1.881
age_group_25-29                     2.8851      0.039     74.382      0.000       2.809       2.961
age_group_30-34                     3.8418      0.039     98.773      0.000       3.766       3.918
age_group_35+                       4.6338      0.039    117.635      0.000       4.557       4.711
marital_status_Unmarried           -0.0151      0.034     -0.449      0.654      -0.081       0.051
race_mother_Burgher                -0.4676      0.707     -0.661      0.509      -1.854       0.919
race_mother_Indian Moor             0.7741      0.768      1.008      0.314      -0.732       2.280
race_mother_Indian Tamil           -0.0215      0.696     -0.031      0.975      -1.386       1.343
race_mother_Malay                   0.3283      0.702      0.467      0.640      -1.048       1.705
race_mother_Other Foreigners       -0.9330      0.710     -1.315      0.189      -2.324       0.458
race_mother_Other Srilankans       -0.1684      0.717     -0.235      0.814      -1.573       1.236
race_mother_Pakistan Moor          -0.8401      0.790     -1.063      0.288      -2.389       0.709
race_mother_Sinhalese              -0.3813      0.696     -0.548      0.584      -1.746       0.983
race_mother_Srilankan Chetty       -0.1778      0.923     -0.193      0.847      -1.987       1.631
race_mother_Srilankan Moor          0.4648      0.696      0.668      0.504      -0.900       1.830
race_mother_Srilankan Tamil        -0.1887      0.696     -0.271      0.786      -1.553       1.176
Gender _Male                       -0.0239      0.007     -3.346      0.001      -0.038      -0.010
Hospital or Not_Not In Hospital    -0.2569      0.049     -5.251      0.000      -0.353      -0.161
multiple_birth_Singleton           -1.6202      0.537     -3.014      0.003      -2.674      -0.567
multiple_birth_Triplets            -0.3533      0.561     -0.630      0.529      -1.453       0.747
multiple_birth_Twin                -0.6000      0.538     -1.114      0.265      -1.655       0.455
Birth_Weight(grams)                 0.0002   7.51e-06     27.500      0.000       0.000       0.000
1/2                                 1.5194      0.869      1.749      0.080      -0.183       3.222
2/3                                 0.6887      0.003    253.218      0.000       0.683       0.694
3/4                                 0.6249      0.004    139.979      0.000       0.616       0.634
4/5                                 0.4524      0.010     44.512      0.000       0.432       0.472
5/6                                 0.4414      0.022     20.268      0.000       0.399       0.484
6/7                                 0.2649      0.048      5.565      0.000       0.172       0.358
7/8                                 0.2608      0.091      2.862      0.004       0.082       0.439
8/9                                 0.1649      0.176      0.934      0.350      -0.181       0.511
===================================================================================================